ISS (ZARYA)             
1 25544U 98067A   14251.89836000  .00013149  00000-0  23512-3 0   532
2 25544  51.6461  44.6761 0003596  86.8576 347.6729 15.50343410904317
TIANGONG 1              
1 37820U 11053A   14251.80454490  .00032711  00000-0  30780-3 0  3682
2 37820  42.7706 168.1409 0005671 204.7132 252.8958 15.66455447169175
FLOCK 1-12              
1 39528U 98067DT  14251.60853491  .00155644  00000-0  88436-3 0  5810
2 39528  51.6368  25.5659 0003848 305.7234  54.3408 15.78000494 32251
FLOCK 1-18              
1 39556U 98067DZ  14251.61016831  .00145467  00000-0  86541-3 0  5380
2 39556  51.6409  27.1138 0003557 320.1002  39.9736 15.77002628 30339
FLOCK 1-20              
1 39560U 98067ED  14251.59192336  .00226904  00000-0  97555-3 0  5009
2 39560  51.6457  24.0340 0008336 310.5654  49.4623 15.83810711 30310
SKYCUBE                 
1 39567U 98067EL  14251.67242550  .00108616  00000-0  73570-3 0  5638
2 39567  51.6427  28.0615 0003972 291.2804 166.8859 15.74164997 30061
ATV-5 (GEORGES LEMAITRE)
1 40103U 14044A   14224.50651772  .00004711  00000-0  88426-4 0   454
2 40103  51.6467 180.4080 0006852   2.1761 104.8243 15.50662829  2118
CHASQUI-1               
1 40117U 98067ET  14251.69682862  .00052861  00000-0  86429-3 0   763
2 40117  51.6476  45.5428 0003794  93.6729 358.4091 15.51997449  3255
FLOCK 1B-24             
1 40122U 98067EU  14251.69284106  .00036482  00000-0  59922-3 0   543
2 40122  51.6474  45.5227 0004932 152.7709 298.6152 15.52032736 38831
FLOCK 1B-23             
1 40123U 98067EV  14251.69221741  .00035230  00000-0  57815-3 0   594
2 40123  51.6479  45.5159 0003911 137.1118 313.9329 15.52078712 38839
FLOCK 1B-26             
1 40124U 98067EW  14251.76518145  .00036789  00000-0  60434-3 0   603
2 40124  51.6487  45.1675 0001433  98.1884  34.0564 15.52034854 56876
FLOCK 1B-25             
1 40125U 98067EX  14251.76513382  .00146321  00000-0  23258-2 0   596
2 40125  51.6434  45.1594 0000493  45.9972  89.8855 15.52300881 38879
FLOCK 1B-15             
1 40126U 98067EY  14251.43687862  .00072850  00000-0  11725-2 0   722
2 40126  51.6463  46.7948 0004059 125.0074 331.7226 15.52297912 38845
FLOCK 1B-16             
1 40127U 98067EZ  14251.69687894  .00036483  00000-0  60224-3 0   592
2 40127  51.6468  45.5256 0004272 137.2142 325.9283 15.51895729 38889
FLOCK 1B-1              
1 40131U 98067FA  14246.54252949  .00035854  00000-0  59096-3 0   343
2 40131  51.6449  71.0917 0005760 116.6031 346.9746 15.51938993  1981
FLOCK 1B-2              
1 40132U 98067FB  14250.01664505  .00043831  00000-0  70744-3 0   354
2 40132  51.6485  53.8475 0005811 127.5746 317.2227 15.52430896  2492
FLOCK 1B-8              
1 40133U 98067FC  14246.53668691  .00032347  00000-0  54180-3 0   465
2 40133  51.6456  71.1673 0006710 102.8819 307.9516 15.51533946 38259
FLOCK 1B-7              
1 40134U 98067FD  14251.05265286  .00049272  00000-0  80359-3 0   363
2 40134  51.6467  48.7321 0005815 115.3498 343.1962 15.52088410 38955
FLOCK 1B-18             
1 40139U 98067FE  14251.89695751  .00037461  00000-0  63403-3 0   104
2 40139  51.6467  44.6659 0006504 102.4056 333.6862 15.51170206   554
FLOCK 1B-17             
1 40140U 98067FF  14251.77998884  .00037451  00000-0  63290-3 0    97
2 40140  51.6457  45.2400 0006411 102.2497  40.8668 15.51213369   537
